age,sex,bmi,children,smoker,healthy_category,region_northeast,region_northwest,region_southeast,region_southwest,charges,linear_prediction,Decision_prediction,RandomForest_prediction
54,0,35,3,0,4,0,1,0,0,12495,15101.369024332354,26467.0,17214.07
23,0,34,3,0,4,0,1,0,0,4466,7275.969097049649,3500.0,6521.01
58,1,35,0,0,4,0,0,0,1,11362,13750.353678358828,11743.0,11721.31
43,0,20,2,1,2,1,0,0,0,19798,30933.175980044678,18767.0,20425.46
56,0,26,1,0,3,0,1,0,0,12044,11626.139686163646,25517.0,19270.65
20,0,22,0,1,2,0,1,0,0,14711,24070.557819888203,17361.0,18744.54
54,0,31,3,0,4,0,0,1,0,27322,13956.465681100366,12096.0,12603.3
25,1,26,0,0,3,1,0,0,0,2721,3705.159629145346,2727.0,2679.35
25,0,26,2,0,3,0,1,0,0,4189,4460.059673246304,4877.0,7240.04
36,0,19,0,0,2,1,0,0,0,5458,4073.939330420657,13725.0,6157.37
35,0,26,0,0,3,1,0,0,0,5227,6477.565184357536,5469.0,5261.13
38,1,34,2,0,4,0,0,0,1,6082,9626.446873660741,6338.0,6481.27
23,1,50,1,0,4,0,0,1,0,2438,8190.3952668370985,3500.0,4483.5
63,1,33,3,0,4,0,0,1,0,15161,16212.297167001121,15612.0,17887.8
61,0,44,0,0,4,0,0,0,1,13063,16298.964052431515,12574.0,13971.23
49,0,41,4,0,4,0,0,1,0,10977,14886.06310332401,9800.0,11148.85
27,1,33,0,0,4,0,0,1,0,2498,5842.848765395745,2494.0,4648.02
55,0,25,3,0,3,1,0,0,0,13047,12727.158826163624,11987.0,15867.15
32,0,24,0,1,2,0,0,0,1,17496,26808.561835408185,18259.0,19308.64
21,0,16,1,0,1,1,0,0,0,3167,-1121.1283776822565,11272.0,7518.25
50,1,31,0,1,4,1,0,0,0,41097,36175.799601637555,39727.0,39695.33
44,1,38,1,0,4,0,0,1,0,7152,11370.87952751021,7147.0,8279.54
34,1,34,0,0,4,1,0,0,0,4518,8746.422175888147,5469.0,6774.9
39,0,22,3,0,2,1,0,0,0,7985,6793.008107013426,6985.0,7881.94
40,0,32,2,1,4,0,1,0,0,40003,34627.60944856654,43943.0,40710.19
24,1,31,0,1,4,1,0,0,0,34254,29752.85464466629,33732.0,34121.49
52,0,24,0,0,2,0,0,1,0,27117,7855.841330304669,9487.0,12725.37
28,0,26,2,0,3,0,0,1,0,4340,4725.358354778882,5257.0,7293.44
19,1,34,0,0,4,0,0,0,1,1261,3948.6629950849674,1263.0,8909.85
36,0,29,0,0,4,0,0,1,0,4889,7699.124984841146,4883.0,5275.79
54,0,31,0,0,4,0,0,1,0,10338,12480.325681455193,10923.0,15666.81
32,1,30,1,0,4,0,0,1,0,4074,7068.257410987688,18804.0,4909.44
22,0,28,0,0,3,0,0,1,0,2156,2593.5934503226836,2155.0,2580.17
59,1,25,1,0,3,1,0,0,0,12913,12429.16876083918,13224.0,17975.33
26,0,29,2,0,3,1,0,0,0,4564,5740.151160415182,24671.0,12227.77
19,1,31,0,1,4,0,1,0,0,33750,27986.437522952747,33732.0,34025.09
24,0,25,0,0,3,1,0,0,0,3044,3592.892147052722,3046.0,3409.34
35,0,35,2,0,4,0,0,1,0,5836,9439.82146034087,5846.0,5952.72
52,1,38,2,0,4,0,0,0,1,10325,13754.048687913157,11396.0,14783.38
18,0,38,0,0,4,0,0,1,0,1631,4757.9300142138,7882.0,7941.128
27,1,26,0,0,3,1,0,0,0,3070,4199.232318143135,2483.0,3141.07
56,0,28,0,0,3,1,0,0,0,11658,11999.874914468266,11658.0,11580.57
39,1,35,2,1,4,0,0,0,1,40103,34019.372123194626,40182.0,40082.29
26,0,29,1,0,3,0,0,1,0,3392,4241.058742683623,3947.0,4720.66
32,1,28,4,1,3,0,1,0,0,21472,31184.527460464054,20745.0,20472.71
35,1,17,1,0,1,0,1,0,0,5116,1671.3761836769354,4894.0,6997.79
37,1,29,0,0,3,0,1,0,0,5028,6640.180107363933,19214.0,8125.56
40,0,33,3,0,4,0,0,1,0,7682,10832.503353749787,7954.0,7727.86
24,1,35,0,0,4,0,0,1,0,1986,5436.286227533008,1981.0,2457.52
52,0,44,3,0,4,0,0,0,1,11411,15551.776951586628,12592.0,13896.93
29,1,29,2,0,3,0,1,0,0,18157,5647.98268446956,3537.0,5874.92
19,1,34,0,0,4,0,0,0,1,1261,3948.6629950849674,1263.0,8909.85
19,1,34,0,1,4,0,0,0,1,34828,27927.278652302975,34779.0,35072.57
38,0,19,2,0,2,1,0,0,0,7133,5552.105352515224,6877.0,7420.47
57,1,18,0,0,1,1,0,0,0,11534,7312.637743140265,12029.0,11859.87
39,1,45,2,0,4,0,0,1,0,6356,11798.657206282933,6435.0,9223.23
37,0,26,0,1,3,0,0,1,0,19539,29943.20777939016,21082.0,19646.53
35,0,28,0,1,3,0,1,0,0,20234,30259.491937990428,20745.0,20179.27
50,0,46,1,0,4,0,0,1,0,9549,14493.3256872626,9877.0,9583.49
49,0,36,3,0,4,0,0,1,0,10381,13557.650197690753,9800.0,10699.26
56,1,33,0,0,4,0,1,0,0,10976,13482.713107827789,10594.0,11530.09
43,0,35,1,0,4,0,0,1,0,7345,10924.065549783634,19144.0,12099.96
18,0,31,0,0,4,0,0,1,0,1622,3587.0172794949867,1621.0,3640.369166666667
48,1,40,2,1,4,0,1,0,0,45702,37640.044076870225,47462.0,44249.19
45,1,24,5,0,2,0,0,1,0,9788,8284.77814133111,8605.0,10888.55
40,0,22,2,1,2,0,0,1,0,19444,29519.56769099877,19023.0,18976.63
25,0,24,3,0,2,0,0,0,1,4391,2576.83176634309,4234.0,5661.68
46,1,22,0,0,2,0,0,0,1,7147,5651.866395317516,6250.0,8615.99
37,1,30,3,0,4,0,1,0,0,6796,9763.342818543042,7281.0,6796.62
25,1,35,0,0,4,0,1,0,0,2534,6159.132923996003,19673.0,3738.35
37,1,29,2,0,3,1,0,0,0,6406,8155.508839679776,6748.0,6977.5
29,1,35,2,1,4,0,0,0,1,44585,31549.00867820567,51194.0,42897.43
32,1,46,2,0,4,0,0,1,0,4686,10236.676042607643,11326.0,5863.84
56,0,25,0,0,3,0,0,0,1,11070,10405.841157697589,10422.0,12107.31
21,1,25,2,0,3,1,0,0,0,3279,3533.8343364295743,3861.0,6142.1
19,0,32,0,1,4,0,1,0,0,36898,28455.75288099296,34439.0,34558.48
30,1,24,1,0,2,0,1,0,0,4032,3086.8566596182354,4239.0,6994.14
40,1,25,0,0,3,0,0,1,0,5415,6236.385797628627,5699.0,5788.06
33,0,28,1,0,3,0,0,1,0,4779,5803.039906358914,5261.0,5385.66
64,0,31,2,1,4,0,0,0,1,47291,39828.22985462233,47305.0,47916.03
28,1,31,0,1,4,0,0,1,0,34672,29733.9542714787,34838.0,38019.67
29,0,24,2,0,2,0,0,0,1,4529,3072.930477790276,4931.0,7113.15
50,0,25,0,0,3,0,0,0,1,8932,8923.623090704219,8444.0,11357.61
62,0,39,0,0,4,0,0,1,0,13470,15794.802419982138,13470.0,13466.6
19,1,35,0,0,4,0,1,0,0,1646,4676.9148570026355,1263.0,2215.46
46,1,27,0,0,3,0,0,0,1,24603,7967.982098119344,7626.0,8834.73
41,0,31,0,0,4,0,0,1,0,6185,9268.853202969563,5920.0,6119.69
45,1,39,0,0,4,1,0,0,0,7448,12300.18820446085,8342.0,8375.75
25,0,30,0,1,4,0,0,0,1,33900,29042.445838251693,33907.0,33899.27
38,1,37,1,0,4,1,0,0,0,6079,10728.433963883032,5757.0,7469.39
36,1,30,1,0,4,0,1,0,0,5373,8532.21314094737,4751.0,5264.8
62,1,39,0,0,4,0,0,1,0,12982,15492.760309758894,13470.0,13143.02
44,0,38,0,1,4,0,0,1,0,48885,35159.49062840306,40419.0,40808.13
37,1,30,0,0,4,0,0,0,1,4646,7726.224204797178,19214.0,8317.46
24,1,29,0,0,3,0,0,0,1,1977,2867.729014777611,1972.0,5684.83
45,1,30,1,0,4,0,0,0,1,7441,10194.561627336723,7626.0,8307.26
61,1,36,1,1,4,0,0,0,1,47403,39129.39828343889,48824.0,48761.14
48,1,34,3,0,4,0,0,0,1,9563,12588.85698519808,8968.0,10125.39
27,1,18,3,0,2,1,0,0,0,4827,2857.4368715355595,4846.0,8515.72
22,0,23,0,0,2,1,0,0,0,2731,1284.523498704024,2527.0,2501.0733333333333
34,1,27,2,0,3,0,0,0,1,11737,5987.639297229387,4746.0,7665.72
19,1,30,0,0,4,0,1,0,0,1639,3840.5486179177715,1136.0,2685.4275
49,1,28,3,0,3,0,1,0,0,10264,10913.482993178866,10702.0,11666.84
30,1,44,2,0,4,0,0,1,0,4266,9408.05685797591,18963.0,7719.69
19,1,17,0,0,1,0,1,0,0,1621,-2773.25199485377,1625.0,2501.29
30,0,19,3,0,2,0,1,0,0,5693,3536.6258638533927,4906.0,5687.51
56,1,40,0,0,4,0,0,0,1,10602,14092.647228445905,16137.5,12460.9925
31,0,25,0,0,3,0,0,1,0,3756,4315.100807361816,3761.0,4512.56
31,1,34,3,1,4,0,1,0,0,38746,32928.83340003557,38711.0,41788.7
59,0,27,0,0,3,0,0,0,1,12233,11481.496686828217,12815.0,12278.82
18,1,26,0,0,3,1,0,0,0,1708,1975.9052176530859,1712.0,1748.4255000000003
43,0,25,1,1,3,1,0,0,0,21771,32757.245016298122,19964.0,21806.97
19,1,20,1,0,2,0,0,0,1,1832,-860.6147352381922,1837.0,2256.31
37,0,23,2,0,2,0,1,0,0,6686,5442.926600065155,6198.0,7412.48
26,1,29,0,0,3,1,0,0,0,2897,4454.015717095161,2302.0,2871.8
18,1,30,3,0,4,1,0,0,0,3481,5600.887672283112,3393.0,6259.723333333332
34,0,19,3,0,2,1,0,0,0,6753,5056.006641068037,27375.0,15189.88
51,0,36,3,0,4,0,1,0,0,11436,14527.533238652646,10848.0,12724.99
49,0,27,0,0,3,0,0,1,0,8601,9096.301503975865,8442.0,12739.6
48,1,36,1,0,4,0,1,0,0,28468,12500.288761835942,8083.0,9458.48
44,0,38,0,1,4,0,1,0,0,42983,35635.30098036716,39836.0,44806.79
19,0,35,0,0,4,0,1,0,0,2134,4978.956967225877,2404.0,2660.58
53,0,38,3,0,4,0,0,1,0,20462,14880.34207132028,11163.0,15696.48
57,1,31,0,0,4,0,1,0,0,11353,13395.202956692738,11842.0,11873.53
18,1,39,0,0,4,1,0,0,0,12890,5630.206902990696,1263.0,1905.7016666666666
27,1,28,0,1,3,0,1,0,0,18310,27981.15907177603,17560.0,18601.95333333333
43,1,26,0,0,3,1,0,0,0,6837,8151.813830125448,7325.0,7779.91
54,0,21,3,0,2,0,1,0,0,12475,9800.044627460811,12479.0,12710.8
29,0,31,0,0,4,1,0,0,0,3943,7311.462820165998,3353.0,4872.09
27,0,31,1,0,4,0,1,0,0,3956,6778.201398497531,4058.0,8438.33
30,0,27,0,0,3,1,0,0,0,4137,5409.656709680035,3554.0,3937.29
40,0,25,1,0,3,1,0,0,0,7077,8037.520325583428,7358.0,7359.93
41,1,30,3,1,4,1,0,0,0,39597,35261.33925297568,39125.0,37785.47
40,1,26,1,0,3,0,1,0,0,6389,7371.51606395809,6393.0,6427.36
27,1,32,0,0,4,0,0,1,0,2497,5675.575517578771,2494.0,3794.64
27,0,36,0,1,4,0,0,1,0,37133,30625.326276287913,37165.0,39299.66
31,0,26,0,0,3,0,0,1,0,3757,4482.3740551787905,3761.0,4094.93
19,0,21,0,1,2,0,0,0,1,13844,23095.269613471635,14283.0,16775.91
56,0,28,0,0,3,1,0,0,0,11657,11999.874914468266,11658.0,11580.57
35,1,24,1,0,2,0,1,0,0,5125,4322.038382112707,4894.0,7374.13
19,0,27,3,0,3,0,1,0,0,18838,3637.161520618298,22493.0,17048.32
53,1,20,0,1,2,0,0,1,0,21195,31110.358230530426,25678.0,24158.04
39,1,34,2,0,4,0,0,1,0,23563,9958.65148029623,6338.0,6423.91
23,0,28,0,1,3,0,1,0,0,18033,27295.055804003696,17560.0,20807.18666666667
23,1,34,0,0,4,0,0,0,1,1826,4936.808373080545,1824.0,6118.63
25,1,33,2,1,4,0,0,1,0,36124,30311.485066712743,37607.0,36049.99
21,0,21,1,1,2,1,0,0,0,15359,25173.602982337583,14571.0,16229.68
49,1,28,1,0,3,0,0,0,1,8703,9368.411045981393,21232.0,12565.57
63,0,21,0,0,2,1,0,0,0,14449,11078.467127524757,14451.0,14256.44
62,0,25,0,0,4,0,0,0,1,13451,13367.80868840792,13041.0,15552.17
42,0,41,1,0,4,1,0,0,0,7650,12687.714443369747,5757.0,15012.77
51,1,31,0,0,4,0,1,0,0,9174,11912.984889699372,9283.0,9670.81
42,1,35,2,0,4,0,0,1,0,7160,10867.033761609888,7162.0,8499.65
57,1,42,1,1,4,0,0,1,0,48675,39230.06065448173,47269.0,46512.19
44,0,32,1,0,4,0,0,1,0,7633,10669.282150831612,7421.0,8727.88
62,1,26,0,1,3,1,0,0,0,28101,36824.12003282245,30184.0,28832.5
59,1,27,1,0,3,0,0,0,1,12333,11671.501243153365,13224.0,14678.24
37,0,30,2,0,4,0,0,1,0,6313,9097.527910253793,6311.0,7301.89
25,1,25,0,0,3,0,0,1,0,2137,2530.840630145207,2727.0,2938.14
53,1,26,2,0,3,1,0,0,0,11244,11606.270608211173,11729.0,19864.39
63,0,31,0,0,4,0,0,0,1,13880,14618.484519808651,13393.0,13727.56
53,1,28,0,0,3,0,1,0,0,9869,10425.488371529278,9863.0,10259.86
18,0,26,0,0,3,0,0,1,0,1615,1270.9015766931589,1607.0,2122.25
53,0,28,3,0,3,0,0,0,1,11741,11642.691867296991,11150.0,12327.13
34,0,27,0,0,3,0,0,1,0,4415,5390.756336492446,4883.0,4553.77
21,1,27,0,0,3,1,0,0,0,2104,2884.28749896674,2154.0,2468.0933333333332
19,0,27,0,1,3,0,0,0,1,16884,25578.65856409044,18223.0,17501.936666666665
25,0,42,1,0,4,0,0,1,0,3238,7648.324083522344,3227.0,5327.55
27,1,31,1,1,4,0,0,1,0,34806,29978.96459352819,36021.0,36251.73
19,1,21,0,0,2,0,1,0,0,1627,-624.4095398689133,1625.0,1621.69
19,0,39,1,0,4,0,1,0,0,2730,6140.096625042159,27724.0,5520.916666666668
39,1,21,1,0,2,0,1,0,0,6117,4808.364016657368,6123.0,6589.21
26,1,30,2,0,4,0,1,0,0,3877,6553.89636250681,18804.0,6699.04
25,0,41,0,0,4,1,0,0,0,17878,7996.049920340145,3021.0,3514.56
28,1,23,3,1,2,0,0,1,0,17663,26912.409361154158,17179.0,18687.76
53,1,28,3,0,3,0,0,0,1,11253,11340.649757073748,11150.0,13035.27
43,1,27,3,0,3,1,0,0,0,8606,9795.227077587591,8410.0,9664.76
25,1,33,4,0,4,0,0,1,0,4504,7316.962742591517,3227.0,5781.81
58,0,29,0,0,3,0,0,0,1,11842,11569.006837963268,12224.0,11768.23
44,0,43,2,1,4,0,0,1,0,46200,36979.9502005847,43896.0,43792.12
19,0,32,0,0,4,0,0,0,1,1748,3916.158609674263,23082.0,8366.32
51,0,34,1,0,4,0,0,0,1,9872,12647.914795821223,10118.0,9795.84
31,1,28,1,0,3,0,1,0,0,4243,5482.735459101987,4527.0,4408.79
62,1,32,0,1,4,1,0,0,0,45710,39307.508983441265,52590.0,48512.8
48,0,41,4,0,4,0,1,0,0,11033,15114.83711078922,8978.0,11855.19
54,1,40,3,1,4,1,0,0,0,48549,40145.54420963106,60021.0,48958.01
33,1,22,0,0,2,0,1,0,0,21984,3001.372530932582,3704.0,5101.7
55,1,35,1,0,4,1,0,0,0,11394,14593.505324730297,20781.0,13964.12
38,1,27,2,0,3,0,1,0,0,6455,7536.763289325663,6457.0,6653.04
19,0,32,0,0,4,0,1,0,0,2130,4477.13722377496,2128.0,3235.31
19,0,28,0,1,3,0,0,0,1,17081,25745.931811907412,18223.0,17621.106666666667
26,1,31,0,0,4,0,1,0,0,2699,5737.076277227006,2523.0,2967.68
36,1,31,0,0,4,0,0,0,1,4402,7646.461108115254,4399.0,5609.83
44,1,29,2,0,3,1,0,0,0,32108,9884.76325117204,8302.0,9287.84
38,0,30,3,0,4,0,1,0,0,7537,10312.421273265176,6571.0,7033.76
45,0,25,2,0,3,1,0,0,0,9095,9764.748714626287,9704.0,10101.43
20,1,27,0,1,3,0,0,0,1,16232,25523.65279836609,17085.0,20380.79
34,1,42,2,0,4,0,0,1,0,5124,10061.655740337541,5989.0,6799.75
56,1,19,0,1,2,1,0,0,0,22412,32691.239767393312,35069.0,27972.02
47,0,27,2,1,3,0,1,0,0,24535,34040.74815725697,23065.0,23771.16
54,0,30,3,0,4,0,0,0,1,12105,13704.024171146793,12096.0,12129.87
25,1,24,0,1,2,0,1,0,0,15817,25338.243927793385,26125.0,19638.76
44,1,27,2,0,3,0,0,0,1,7726,8458.002742218338,7441.0,7958.15
54,1,30,0,0,4,0,1,0,0,24476,12486.82067537908,10231.0,10332.44
39,0,32,1,0,4,0,0,0,1,6238,9348.932166200542,5488.0,6676.05
43,0,46,0,1,4,0,0,1,0,45863,36250.640266439965,43896.0,42066.18
19,1,28,0,0,3,0,0,0,1,1253,1465.274044466165,1252.0,2485.73
47,0,29,1,0,3,0,0,1,0,8547,9428.821977160413,8930.0,9698.93
28,1,22,2,0,2,1,0,0,0,4428,3281.519540753956,4435.0,9356.92
53,1,36,3,0,4,0,0,0,1,11264,14158.585203326496,11163.0,15287.53
40,1,41,1,0,4,1,0,0,0,6610,11891.599644148719,5757.0,14260.62
20,0,31,0,0,4,0,1,0,0,2261,4556.90032045688,1875.0,2146.58
47,0,33,3,0,4,0,1,0,0,10115,13037.568117206149,9620.0,10375.58
43,1,35,3,1,4,0,0,1,0,42124,35584.73242987518,40273.0,40841.8
48,1,31,1,0,4,1,0,0,0,8964,12195.157921970142,9778.0,10888.68
25,1,45,2,1,4,0,0,1,0,42112,32318.76404051641,39611.0,40527.45
20,1,30,0,1,4,1,0,0,0,33475,28597.436018853736,32548.0,33385.56
21,1,36,0,0,4,0,1,0,0,1917,5338.260793817397,1534.0,1826.86
21,1,23,0,0,2,0,0,1,0,1515,-271.6007072012817,2585.0,3267.7675
46,0,33,1,0,4,1,0,0,0,8823,12337.673838829538,8240.0,10791.49
35,0,27,3,0,3,0,0,0,1,6414,7028.764418499915,5003.0,7073.34
29,1,34,0,1,4,0,0,0,1,36197,30397.64209729192,51194.0,39665.95
59,1,37,0,0,4,0,0,0,1,21797,14331.936518491668,12244.0,12788.89
35,1,34,3,0,4,0,0,1,0,5934,9462.552768849044,5729.0,5984.97
39,0,24,5,0,2,0,1,0,0,8965,7580.4125365250875,8582.0,8843.79
21,1,28,0,0,3,0,1,0,0,1906,2520.3253475646507,2257.0,2315.39
62,0,33,0,0,4,0,0,0,1,13462,14705.994670943703,13393.0,13454.05
57,1,40,0,0,4,0,0,1,0,10982,14424.851835081394,11093.0,12822.457
46,0,27,0,0,3,0,1,0,0,8026,8831.002822443283,8232.0,13795.5
44,0,26,0,0,3,0,1,0,0,7419,8169.656885628519,7421.0,8585.05
60,1,24,1,0,2,0,1,0,0,13112,10497.946994585072,14349.0,18873.21
37,1,29,0,0,3,0,0,0,1,20420,6079.201493263237,19214.0,8049.53
18,1,35,1,0,4,0,0,1,0,1727,4446.114827088028,1725.0,9202.38
18,1,25,0,0,3,1,0,0,0,1708,1808.6319698361112,1712.0,1744.189523809524
19,1,30,0,0,4,0,1,0,0,1639,3840.5486179177715,1136.0,2685.4275
49,1,31,1,0,4,1,0,0,0,9290,12442.19426646904,9778.0,10070.9
37,0,25,1,1,3,1,0,0,0,20296,31275.02694930475,20773.0,20054.47
42,1,35,2,0,4,0,0,0,1,7160,10781.865499473293,6875.0,8092.29
51,0,40,0,0,4,1,0,0,0,9875,14251.721629494434,9541.0,11684.01
56,1,25,0,0,3,1,0,0,0,11165,11196.013060794106,10422.0,12164.39
18,1,30,0,0,4,0,0,1,0,1131,3117.7019214547745,1136.0,2336.7459047619045
40,1,22,2,0,2,1,0,0,0,7173,6245.95567474069,6877.0,8688.32
50,0,28,3,0,3,0,1,0,0,11085,11462.561447901004,10702.0,11191.67
32,1,30,3,0,4,0,0,0,1,5253,7967.182481947875,5972.0,5480.79
49,1,32,3,0,4,0,1,0,0,10269,13062.325448163723,10600.0,10727.53
42,0,33,1,0,4,1,0,0,0,7639,11349.52846083396,7050.0,7896.79
61,1,23,0,0,2,1,0,0,0,13129,10616.89882393767,13616.0,14634.62
49,1,25,2,1,3,0,1,0,0,23807,33898.23224039757,24180.0,23455.05
28,0,25,1,0,3,0,1,0,0,4133,4541.8487923776265,4239.0,6476.93
55,1,27,0,0,3,0,1,0,0,10594,10752.287812710096,10214.0,11280.36
18,0,31,0,0,4,1,0,0,0,2205,4594.063030678155,1621.0,5941.472952380952
60,0,32,0,1,4,0,0,1,0,45008,38108.43265348354,52590.0,49022.77
38,1,28,1,0,3,0,0,1,0,5484,6736.179518630146,5974.0,5921.79
30,1,31,1,0,4,0,0,0,1,3659,6656.289707670276,4076.0,5352.23
21,1,25,4,1,3,0,0,0,1,17942,27404.3293134246,19933.0,19374.3
56,0,32,3,0,4,1,0,0,0,13430,15624.857369098292,11987.0,13907.31
64,0,35,0,0,4,0,0,1,0,14313,15619.782117712035,14692.0,14314.17
46,1,43,3,0,4,0,0,1,0,8944,13685.411788689638,9301.0,10727.7
54,1,31,0,0,4,0,0,0,1,9850,12093.11530909536,10435.0,12194.78
42,1,24,2,1,2,1,0,0,0,21259,31053.190516590428,18767.0,24431.78
27,0,24,0,1,2,0,0,1,0,16577,25658.548375050308,19361.0,20166.91
32,1,35,2,0,4,0,0,0,1,4670,8311.502054484346,5152.0,5081.85
40,1,35,3,0,4,0,0,0,1,7196,10779.839477023896,6600.0,8152.09
41,0,28,1,0,3,0,0,1,0,6770,7779.330662350072,6500.0,6728.45
19,0,29,0,0,3,0,0,0,1,1744,1934.589402506379,1256.0,2979.94
18,1,33,0,0,4,0,0,1,0,1135,3619.521664905691,1136.0,2482.19
26,0,42,1,0,4,0,0,0,1,3410,7810.192165884644,3577.0,3580.45
59,0,36,1,0,4,0,0,1,0,28287,15043.920309582922,36910.0,18515.49
